1111 nou 1111111111 11

mustum. 1111. 1 1111. 11111· 11 1111111111 111 1111111111]

1111 11111. 1. 1111111 1111111114· 0111111111Ρ111.111111111111 11 11111
111111,11111111111111111111,11111111 11111 1111111. ocu. 1111 11111111
11111111 11111111. 1111. 1111111111 Ρ111. 11 11111. 1111111 111111 1111·
111-1111111111.1111μ1.1·1.11111· bammum-adremmon&-
111,11111111111,1111111111111111.1111 11111 1111111111 11111 1111111111·
1111111111). 111 1111, 11. 1111111111 11111111. Lib. ιι. 1. 11. ‘Et 111111.
drumm. 111 111 111 1111111 111111 11111111111111 11111 11111111·
111111111111 1111111111 11 1111111. 11 1111111,11111111111111111111·
11 1111 1111111111 11 011111111111, 111,* 1111111111... 8111111111 111,·

· 11111111111111111111111111111111 1111111111111111111,11111111111·

11111111111111111111111111111111· 1111111111111111111. 1111111111 111·
111. arcum 11 mam 11 1111111111111111.*011111111111
’ “ 1111111111. 1. 1111111111 11111111· 11111, 11111111 potiretur: 1111
1111111111 1111111. 11111. 1. 11111111. Ρ1111111 1. 1. *1111111111 11 11 11111,
1111111. pr. armi-t 11 1111111111· 111 commaticum 8111111 11
111111 1111111111. 1111111, 1111. 1. 1111111.υι.111«1111111111111]
1111. 1. 1. 11 011111. At 111111111111 (1111111111111111, 11 1111 111111·
11111 11 m 111 Mu. 1111111111 11· 111 111111111131. F. Gm. 11 11 111
1111111111111111111. 1111 11 1111. 1111 111111 111111 1111. 1. 1111111.
11. 01111111111 1111, 11. 1111111111, 1,*1111111111 11111111, 111111·
11 11111111111111111111111111111, 111111 111 1111111 1111111111 1111111
1111111111 (111111.111 111. 11 11. 11113 xxx. 11. ⁶ 1111 1111 1111 111·
11111111111.1111.11111111 11 111. 11111111111111 111, 11 (11111111 11111
1111111. 1. 111. 11111 111111 1. 1111. 11111111 111111111111111· 11111111.
11111 11 1111111111· 1111111. Non ‘ 0111 111 111 111 11 11111, 111 cy·
displicet 111111 111. (11111111 111111· pun tentant! 8111111111 1111 on·
1111 1111111,111111111111111111.111· 1111111111 111Α1111111.11 ΡΙ11. 11.
11111 11111111, 111 11111111, 1111 quod 111. 011111111111111111 bum.
1111111111 111111111. 11111111111111, 1111111111 11 11 1111. niumm 11
11111 1111 11 11111111 111. Nam, 11111111 1111111 1111111 11 1111111,
11 11111111, 1111111111111111111 M. 111111 11111111. 111111111111 11 111·
111010.111σ).11111111”11111,11 111. 11111111. 1. 1. 0111111 etim
111 1111111111111111111111111111· 111111 11.11.11. 1111111111111,
11111 111111. Vide 11 111. 1. 1 11. 11111 111 1111111111 111111 111 11111111
111 1111· 111 1111111 1111111 1111 111 ep· onium ⁴ 11111’ 11111, 1111111111·
11111111, 11111111111111111111111· 1111 11 1111111111 1111111 111. 11111.
11111. 11111111. 1111. Ρ11111111 11. ’1111111 11 111111111111111, 111
111 1111111111 111111, 111 11111111, Lm. 1111111 1111113 vm. 11. ί1111· 1111
1. 1111111111111111 1111. 11111111 11 1111111111111,11111111111111·
1111 11111111, 111 qm, (1111111. Vidn 11111, 111 11111 1.. Ρ1111111, 111111·
11111. 11. 11111 (11111111 11111. 1. 11111111] Et 111,11Ι 11111111 1111111
· 01111111111111111111111111111· 11111,1111111111.1.111.“0111111,1
11111111111111111111111111111] m 1111 111111111111111111111111
11111111. 1111. 1. 11 Pon. 11111111 1111111111111111111111111. At·
11111 111111. 1111. 'rum 1111111111 111. 11111 11111111111111 111111111111
1. 1111111111 1111111111 1111111111 adnomen 111111 qnod 11 11111111,
111 11111111 111111 1111111111, pro· 11111111111111111,1111.1111111111
11111111111111111111 1111111 11111111. 1111111111 1111111111, 11
cumps· 1111111, (111111. 11111111 11111111111111111111111·

 

