88811 now 1181818811 ιιι

181] 11818811811811818811811181881 48. ι1888188881118111118111818118·
8881181181818888881811881818818188. 18 perpulit 8111181883 mil. ‘Re-
88 Modo 1118181. 8. 18. 8. 888. 818. 8888 88188188 88818118 118 8818111111
8188844.81088811818818811· Umbros! xxi. 88. ι1181188181188
1188111818. 811. 8. 818. 88181188 188888 8881881181 811 11881881 88118·
11818188888 1181. 1881881. 1188111. tun! 88111111, 1118811, etquid 88818·
88. 888 legem 8188 888 8811811118 8118 88881 Scilicet 11111 contingere
181818, idem ostendit 88 11888 11181. 888 8818888188 8881811 8881188188
8. Ι. 81 811 88 Gronov. 88 0881881111. 1118111118 118118. ιι. 8. 8. 881881
811188118 11181. 8. 488. 81 1111811118 18 8881 88888818188 Livii 1. nn· 8. 8.
Ρ118181. 1411118. Rom. 1881. ιιι. 11111. ‘Priusquam 88118 88118 88881118 88·
11818 8111818111 necterentur 181. 4. ’11 1881, 188888 8118 nunciatur 8188811
8118811811 18 18111. 1818188818111818· 8888881181, ‘Lego 11888183 Lucre·
818 8881118118 initialibus: 8188 1888 1181 ιι. 488. ι1111181888181888811 181·
8881181181Η81.’1111888118181111111.818. 1818111818 118181118ιὶ1 888183 .1. F.
1. Ροι1. 81 1181. Ρ88118 8818118888 Gran. 11181111 811881 8111888 11181, 88·
nexi 1111111888. 881188. 88888 88 118· 8881181811. 1. 18 81818188, 1818. 8.
1188188881 1888. 11188188.188.188 81 1181. 1. 88 4. 881 8118111181 reem
8. 1181811111881111881818811818. 8. 8118181881. 111118 reem 8818111 88·
118888111881111. 1181111111 11188111 111881118118118888118111818.8811·
11811. 8.18188818811881.88111888 81888 811818 88818188 8811181 8888
11181.8.18.8. 888. 8118118181, 888811· 8188818111, 8181, 881881118811111818·
11888181188881,(181881811181,08188· 1811, 11111111 8811881818 1888 mox 18·
11118888, (18111881, 8181181 88881818 81888118 88818181111118181. 58111188
888818188, 8888 8881181, 811818 8881 1111181181811818 11818811811181181118,
11888 188881 8811118181, 881 18118888 8881181 ex iii 8881881811 88 81111
888 818111, 88888111 judicato· in vin· 1181. xv. 884. 8811111 8888 1181111888.
88118 11111881 88118 11111181881888111, 88 18181. 11888. 1881. 1188811818·
1188 8888888818111181 181181, 888188· 881881 ⁸ 188881 ’ 111118 18 88118118
1818, 81 881881 8811 1118 18818818 18 1811 z 8118181 1888 88181 (11888118 181·
111881 1818881818 181118. Ρ81188 1818 8811, eo 8181 8111. 14. ’1811181188
8. 888. 88111111, verba 118 in posterum 1888111 ex 88118 18 8111881 18181111 818
881888818881881881118818,188118· 8118818 18113 11. 14. ί11888 11811881
8118181813 188 ‘ 88 8881888181881813 188881881 818181811818 188188181881,
1811818881188818 ο111188188181;’ 81 881 Quinctium 18818181818188111188
8. 888. 888 1188 1888 8881881 8888, 88 8888111813 x. 8. ‘Si 8888 188881
881118 88118881888188811111 188818· 11811818 81181813 8. 18. ί1181181881·
181, 188 ne pignori obligaretur. Et 1111188881 8811888111 Romam 88118·
181888 8188888811 Livium 8181888111 188 8113 881.88.·11818881 8881818
1188 8888881818188 8881118111 1811888, 1881881 18881188 188881 181181 1818·
188 8811 18 compedibus 181 18 88118 181113 8811.8.’0881188888818881
1888181111;’ 88 8881181118 88888· 881818 81181, 8111181 8818888188181.’
188811. c. 81. ι18818188881811881811111181·

(18188818. §1 11188188181888111 18813 88181810111181818 8818111·

1888181811] 1811118181 181811118111118 8818188881 religio 1818881811’ 8111
8818811888118111118181. 11181188 ex· similiter peccatur 18 88. 1188811.
1811818. 811818 8. 81. *1188881188 181, 1818. mm. 8. ’1881881 Thebi·
8818 88818 88811888811818,1818 88 fi· 18818188, 88881881 1111811 188811188-
8818 8818818 1181181181361111. Mu. 1818888113 888.18.“1118888181181
811818118888.118111. 818 11811. 8. 811111118181181.’ Ρ8811888188 Eo·

 

