’4. mu 44444. 444. 14444435. 8411

4441114444 444444 444 refugit ’14- 444141444411144414. 11144 44114·
44441. 1411144444. u. 4. 4. 1111441144444 444, 44414414 4444144414144. 1. so-
.·ι14444441444441411 4114414114- 44414 4411441 1144414. 4411441 4444444414
,44444 4444444, 44444444 1414444441 14141. 41414. latu 11. 2⁴. *41444
444411441444 44443 844444141114- 44114444 14414444 44 4441444444 4444
441. 44. 4441114114, 4444444, 4414 44144414444411 mammu-
144444 44444444 14 1444441444ιῖ 41441414 4411444414 14411444 1444441,
11444 44441 04144111. 144111. 44. 44. 444111414.’ 014. 14 Vm. 444. 441041-
Ι114. ι0444, 41 444 1444 1444 4444114, 144441411444 444444144414, 444 ne
4644114414414441141 4411444. (14411. 44144414 441444 4414, 4411441 feeit!
44141414 444 141444 444 444144 1144814114 444. 44. ‘Quod fortunula
4141,144144444444,4ι4441414114411141’ 444114441144114411,14 41141 44 441414·
nuria-contiuo. 114144 natm 4411 444, 444 4444414144] 1114401144.
1441444 ’4444 14444411 414414,1 ¹ 4444 0144444. 14 1444. 141.444.·14411441.’
411444 41414,’ 444 411444 *44441414- cetorum 444144411144414411444444.
44441 4144143 ‘io 4441444 4144411414,1 duplex 4417μ4 4444441444 14 11144414.
*14 4444144 14444441 ’144 44444 414· 1141441141 quibudam 41114 44444114-
-14’ 41411. vido-d mmo· 4144 411444414μ4114444.14414. 8444144114
mnan. oui· 411444 1444444444 44144 ‘fu-eque 44 4141 moriendum
444444· 41444411 mvn. 14. ’1141 411’ 4444441 4 4444444411 444114414
numismata-odinum* qumana 411444 444144. 14144·
44114444444144-4-144441444111 114- 4444114444114444 4441441,414444
144444 m 4441 m, -14 441 sura, 11444414444144414444144411441444444
144. 4. 4141144444444 444441.

114 44414444 mummium· 1444444414441444444414] Iterum
44414444] 114 uun r, 14 441 w. 1144444444444114414414 44. cmpt-
14141. 44414444414444144444444· mn, 4444444411. anuticuln
4444414444. -111444444444444411 14 Ρ41. 4. 14141· 114444 1444414 441.
41444444444.44414. [1444444114 114114. 044444 411444 444141 sunm
4411 4414 144. (1444444. qni 44444 41 4141, 44114 manucapti· lav. 4.
144444444114 44444 4111 44444444 ab 114414. Ρ441. 41 1144. sorte 441444
444144444441, 4141 14414 1144. 44 444 4144. 44 444 41111 notatum 41444.
41411 4414144. 'rum m 4444414414 Fam 11444414411444441144 14 444-
4441141441. um 111 114111· 41 1441444 4444411, quem (11441444 4444·
vm. 114144414444 4441441 1144. 144 441.

Ι11444444. MO- - 1144444444 &numum 44441]

§8 114444411114114111410114141114 Vimaemnlmd. 11414. Nn·-
1144, amatim] Ρ41114411 ab 4444444144,44144414444 4141 14414
4444141 414 11441. 1. methum- 4444444 444444114,1.14144 4444144444.
414, 44 d„ 44114. 444441 1441441 Im. 4. 444414 4114, 4444444411 14441411, 14444
u 4144114 41411441. 1114444 xm. 441. 1114444 444417. 1144144144
44414. Hm 14144 14141144. 4441444 441. 114 4. 44. (4441414444,
4414144444114441441 1144. vide 4444 41444, 4444 1141444444 44441, 44·
44 nu· 411. 1 14. 1144114 14144 11144. 4 4444414441 44444444144411114444441’
ι. pund 444144 1114444 44444414 4111 4444444 4144. 44. 44. 1114441
444414114144114. 444444 444444, 41, 4444 4144 unku-

Qun, 444144 mamm 44441, Romanorumque 1441144141 4141

ΜΝΜΜΝΜΙΨΜΥΜ 441141444441411444414444414444, ,
m] 1144144 44444 4414444, 441444 444 Romano· 444 4444441, 41 nano
444414, 1444. nt 144. 4. ’1444444144 1441441444114 4441111441 4444441

 

